core
- Mateusz Konieczny: 60
- Roland Olbricht: 213
- Bryan Housel: 117
- Sarah Hoffman (lonvia): 85
- Grant Slater and Tom Hughes: 180

innovation
- Manuel Roth and Lukas Martinelli: 160
- American Red Cross: 102
- Martijn van Exel: 97
- MapSwipe Team: 88
- Yohan Boniface: 153

writing
- Harry Wood: 46
- Edil Queiroz De Araujo: 37
- Joost Schouppe: 44
- Nick Allen (Tallguy): 80
- WeeklyOSM Team: 377

mapping
- OSM Los Angeles Building Import Team: 68
- Nelson A. de Oliveira (naoliv): 71
- Martin Ždila: 186
- UK Quarterly Mapping Team: 58
- Ramani Huria Team: 171

community
- Ahasanul Hoque and Tasauf A Baki Billah: 67
- Pascal Neis: 306
- Pete Masters: 109
- Courtney Clark: 48
- Kathmandu Living Labs: 75

ulf
- Nick Allen (Tallguy): 89
- Harry Wood: 48
- Frederik Ramm: 186
- Richard Fairhurst: 80
- Kate Chapman: 173

255323
210323
510303
450030
235023
530000
240005
544535
322312
415320
453433
500522
205525
515124
115321
224125
450303
532543
555223
545530
313340
455313
515321
100000
230100
320535
320035
324125
255014
235523
355355
055000
000500
432220
002200
551315
354321
333324
000500
132235
405023
000500
121552
251513
235324
210353
545535
315200
215000
555424
335422
555353
000500
555031
215102
233325
110000
525025
215423
335115
205303
345543
555410
135311
344335
045221
025050
521531
215000
000040
020010
415511
000010
445555
345220
110135
555513
235220
500024
105320
144512
145025
215223
551225
005515
515423
535400
225000
522325
315345
235423
340000
235023
225025
005023
000003
250505
000023
341545
020000
234555
255301
215323
040005
255022
224555
514303
241245
312553
110351
544431
341525
115324
255324
205403
000500
501213
400320
000500
251522
355531
430033
320035
235523
520511
205300
305055
443515
515424
255323
000100
050000
230424
344512
525023
015200
535323
215020
215224
354020
515223
113003
435325
442521
553515
205323
215024
000512
255323
210523
454214
505020
115323
512335
044531
535321
534021
515223
210000
515334
534523
325535
235105
315131
000500
000100
002200
442215
455423
225035
255420
315033
541115
255333
200223
255001
000503
325145
050323
325551
324535
415551
115321
531331
254211
235422
215025
545513
240555
551524
200031
541552
415523
205020
320342
455335
325150
420000
324123
454324
225315
250000
545513
000002
200500
000100
345000
000500
500024
515323
215323
215020
435324
555325
555355
220100
144525
324535
330145
455324
225133
555424
531515
212551
205000
305510
510315
515423
255533
255525
310320
154355
145423
040500
244521
000100
155224
000500
215323
241535
515224
415514
323124
303000
040035
324031
545531
135323
535555
115122
500300
135223
500000
515533
455023
325122
453324
000500
555053
215352
225523
534412
525520
354333
415252
210535
215223
255023
450000
000500
005000
205025
510130
304120
344233
505024
115322
245225
205311
530024
110514
020040
240530
044431
415535
324545
405023
541315
234131
555022
204520
130343
155025
311125
205020
310005
055352
205523
132251
355333
425541
455323
255323
300135
555004
414313
234441
453331
344531
205023
205025
325121
005404
413314
345035
511323
200020
320545
514311
205020
002200
435350
444030
215323
555450
145435
535323
324515
002220
535025
255025
550325
225323
400045
324311
000100
110343
402545
212220
551014
555020
330105
400000
534323
232222
555555
340010
455333
325125
515254
451353
220035
505003
451324
235513
344121
514323
250023
515424
533424
105515
425323
000500
525323
215033
255020
502223
341215
551054
200304
505121
544511
504023
435315
231053
005000
255523
020000
551124
105000
255335
513324
302200
215023
335125
344531
555435
255023
511324
000540
215324
210000
315434
302225
524505
215403
540305
245035
302020
214020
303003
555432
245331
325352
255225
350344
435553
215244
155322
130300
540030
000020
251425
200020
535455
515354
251035
205023
155351
235323
000155
035000
243335
205023
555424
215423
533312
244531
500025
530301
055430
555224
525031
233523
355334
435023
415523
005300
005000
515223
515024
255221
000200
435023
000500
220025
515323
325121
230545
451324
002505
555341
005000
500323
205023
020000
005000
455323
055000
225323
255044
355020
244515
505250
444155
134125
405000
215521
550303
210333
555421
200052
535024
235323
415323
050000
425215
115351
505223
221555
455320
215321
425325
325514
215552
455053
231255
045200
355023
213321
002521
002200
555320
250025
545323
415323
215423
050000
110450
511331
553020
345135
215054
555555
115523
450000
000500
325323
200020
020000
355025
215024
225535
132541
345145
313325
305455
415421
040535
244332
220512
200500
215523
545512
255421
410020
355533
000500
550530
355523
005305
255024
333525
243525
055322
115113
515005
320145
444531
425255
115523
214323
435043
255321
250000
215323
000020
515224
110300
200003
435423
340110
000500
322211
414024
305000
105000
534422
535323
531314
523233
500004
215023
110000
255300
514444
400000
531555
000500
224525
215521
000040
313435
000020
555333
355353
055000
000500
324545
130221
555222
255325
205000
515323
244535
200000
000040
523131
005100
510051
353345
255024
255521
313223
100050
535223
545352
535003
205303
050040
535454
024505
115325
505023
002200
224223
435023
555321
555023
305120
215325
130550
443511
525155
205423
325131
204003
300324
424501
205000
002200
253020
005023
215525
324155
210000
515435
215423
000532
135034
315335
255020
525535
014105
513023
555020
053344
400145
300005
451224
323125
515553
344035
000505
515005
200000
245452
335124
315303
531521
345125
205050
003000
320145
551535
255324
233223
244421
345532
002200
215513
135323
005000
313005
215322
502200
020040
340045
003004
525423
250320
544031
525535
525323
205404
513344
235023
445533
225323
415032
343531
100300
553034
400000
544332
300320
000500
250515
002200
115022
051023
105150
535353
551535
522141
522411
210000
225525
515023
110003
455054
215323
210023
140335
235323
211552
241400
000040
005000
523325
532155
325555
250003
234523
135324
554535
220030
231322
000140
020000
135555
000500
002200
525023
340541
000100
325414
515123
025301
235344
224335
505005
235255
414331
313023
424115
155522
415121
050020
445512
000040
000525
555323
040030
412211
325130
524515
515303
545323
215511
000100
415224
415223
230000
551423
240325
515551
505302
551424
221031
324545
115350
253323
344531
250353
553335
100000
000100
